1 0.566 0.002 0.002 0.430 
2 0.567 0.002 0.002 0.430 
3 0.603 0.001 0.001 0.394 
4 0.603 0.001 0.001 0.394 
5 0.686 0.001 0.001 0.313 
6 0.748 0.001 0.001 0.251 
7 0.559 0.001 0.001 0.440 
8 0.444 0.001 0.001 0.555 
9 0.531 0.001 0.001 0.467 
10 0.582 0.002 0.002 0.415 
11 0.634 0.001 0.001 0.364 
12 1.000 0.000 0.000 0.000 
13 0.847 0.153 0.000 0.000 
14 0.629 0.371 0.000 0.000 
15 0.964 0.036 0.000 0.000 
16 0.849 0.151 0.000 0.000 
17 0.919 0.081 0.000 0.000 
18 0.929 0.071 0.000 0.000 
19 0.822 0.178 0.000 0.000 
20 0.908 0.092 0.000 0.000 
21 0.908 0.092 0.000 0.000 
22 0.954 0.046 0.000 0.000 
23 0.244 0.390 0.366 0.000 
24 0.098 0.756 0.146 0.000 
25 0.049 0.878 0.073 0.000 
26 0.049 0.878 0.073 0.000 
27 0.000 1.000 0.000 0.000 
28 0.122 0.195 0.683 0.000 
29 0.122 0.195 0.683 0.000 
30 0.158 0.000 0.789 0.053 
31 0.000 0.000 1.000 0.000 
32 0.316 0.000 0.579 0.105 
33 0.105 0.000 0.526 0.368 
34 0.000 0.000 0.200 0.800 
35 0.000 0.000 0.400 0.600 
36 0.000 0.000 0.000 1.000 
