EXTENDED_MODULARITY: 0.5401877939399126
1 0.5664 0.0018 0.0018 0.4300 
2 0.5666 0.0017 0.0017 0.4301 
3 0.6033 0.0014 0.0014 0.3940 
4 0.6035 0.0012 0.0012 0.3941 
5 0.6857 0.0009 0.0009 0.3126 
6 0.7482 0.0005 0.0005 0.2508 
7 0.5590 0.0006 0.0006 0.4399 
8 0.4437 0.0008 0.0008 0.5547 
9 0.5305 0.0015 0.0015 0.4665 
10 0.5819 0.0015 0.0015 0.4150 
11 0.6336 0.0013 0.0013 0.3637 
12 1.0000 0.0000 0.0000 0.0000 
13 0.8467 0.1533 0.0000 0.0000 
14 0.6294 0.3706 0.0000 0.0000 
15 0.9645 0.0355 0.0000 0.0000 
16 0.8488 0.1512 0.0000 0.0000 
17 0.9191 0.0809 0.0000 0.0000 
18 0.9289 0.0711 0.0000 0.0000 
19 0.8223 0.1777 0.0000 0.0000 
20 0.9084 0.0916 0.0000 0.0000 
21 0.9084 0.0916 0.0000 0.0000 
22 0.9542 0.0458 0.0000 0.0000 
23 0.2439 0.3902 0.3659 0.0000 
24 0.0976 0.7561 0.1463 0.0000 
25 0.0488 0.8780 0.0732 0.0000 
26 0.0488 0.8780 0.0732 0.0000 
27 0.0000 1.0000 0.0000 0.0000 
28 0.1220 0.1951 0.6829 0.0000 
29 0.1220 0.1951 0.6829 0.0000 
30 0.1579 0.0000 0.7895 0.0526 
31 0.0000 0.0000 1.0000 0.0000 
32 0.3158 0.0000 0.5789 0.1053 
33 0.1053 0.0000 0.5263 0.3684 
34 0.0000 0.0000 0.2000 0.8000 
35 0.0000 0.0000 0.4000 0.6000 
36 0.0000 0.0000 0.0000 1.0000 
